0 0 255   0   250 250 210
21
RECTANGLE   1   90 146   180 262   0 0 255   0   3
LINE   4   531 220  661 384   0 0 255   3
CIRCLE   5   1029 265   104   0 0 255   0   3
TRIANGLE   2   1254 333  1136 451  1381 446   0 0 255   0   3
CIRCLE   3   377 287   67   0 0 255   0   3
TRIANGLE   4   586 284  468 402  713 397   0 0 255   0   3
CIRCLE   5   373 300   67   0 0 255   0   3
TRIANGLE   6   582 297  464 415  709 410   0 0 255   0   3
CIRCLE   7   327 333   67   0 0 255   0   3
TRIANGLE   8   536 330  418 448  663 443   0 0 255   0   3
CIRCLE   9   294 377   67   0 0 255   0   3
TRIANGLE   10   503 374  385 492  630 487   0 0 255   0   3
CIRCLE   11   606 181   67   0 0 255   0   3
TRIANGLE   12   815 178  697 296  942 291   0 0 255   0   3
CIRCLE   13   455 185   67   0 0 255   0   3
TRIANGLE   14   664 182  546 300  791 295   0 0 255   0   3
CIRCLE   15   215 205   67   0 0 255   0   3
TRIANGLE   16   424 202  306 320  551 315   0 0 255   0   3
CIRCLE   17   174 290   67   0 0 255   0   3
TRIANGLE   18   383 287  265 405  510 400   0 0 255   0   3
CIRCLE   1   1045 336   67   0 0 255   0   3
