0 0 255   0   250 250 210
9
RECTANGLE   1   106 85   1227 498   0 0 255   1  255 255 255   3
RECTANGLE   2   184 125   1202 484   0 0 255   1  250 250 210   3
RECTANGLE   3   214 140   1182 471   0 0 255   1  255 200 46   3
RECTANGLE   4   311 188   1137 447   0 0 255   1  252 81 29   3
RECTANGLE   5   353 214   1106 436   0 0 255   1  98 255 124   3
RECTANGLE   6   377 234   1081 422   0 0 255   1  56 166 255   3
RECTANGLE   7   412 255   1052 409   0 0 255   1  254 196 228   3
RECTANGLE   8   465 274   1002 389   0 0 255   1  183 60 60   3
RECTANGLE   9   355 210   1114 435   0 0 255   1  162 93 40   3
